
D:\_home\_Workspace\Univer\Œ‡¨€\_à ªâ¨ª \Lab3>ruby _run.rb 
0.125
0.062969963760376
0.0105325131607054
0.00996973661464226
0.0121684900817876
0.0110752712419472
0.0104889235522575
0.0104344676704431
0.0283450313758934
0.0268704714851401
0.0187754868393015
0.00669347568130061
0.00610890858264689
0.00608389493769056
0.00186148970032043
0.00175289753785818
0.0016724871349669
0.0219380379562402
0.0214329761581441
0.0142644622345001
511

D:\_home\_Workspace\Univer\Œ‡¨€\_à ªâ¨ª \Lab3>ruby _run.rb 
0.141000032424927
0.061970036239624
0.0132744983787535
0.0261639864578294
0.0131935565528876
0.00957949961852998
0.00681192208481508
0.00652328168601265
0.00605045844294382
0.0104879432563805
0.0103978968018359
0.00578499637604196
0.0162800618934659
0.0433364415397628
0.0276319772071853
0.0160995395774864
0.0199999712943966
0.0107379675750758
0.0189715081062343
0.0155145539779693
511

D:\_home\_Workspace\Univer\Œ‡¨€\_à ªâ¨ª \Lab3>ruby _run.rb 

D:\_home\_Workspace\Univer\Œ‡¨€\_à ªâ¨ª \Lab3>ruby _run.rb 
0.125
0.062969963760376
0.0075740070571899
0.0108109747276305
0.00990557468401652
0.0253974882698093
0.0239190859673349
0.0278374814033516
0.00484498369217099
0.0140490395774884
0.0164669693870598
0.0150220400543251
0.0147787245826451
0.0641935355720795
0.0111054836921729
0.0104284361461184
0.0062590086784397
0.00573426188436509
0.00522237645055938
0.0283885986099225
511

D:\_home\_Workspace\Univer\Œ‡¨€\_à ªâ¨ª \Lab3>ruby _run.rb 
0.141000032424927
0.0779700686645508
0.0399244709129373
0.00975251153946962
0.00541295431900263
0.00824447539520599
0.0179189813079884
0.0164364821662937
0.015474812038311
0.014899514019014
0.014055823346925
0.00651501316070288
0.00633090370253278
0.0112534795913725
0.010410515821779
0.0269215972747737
0.00462600963211426
0.0348340519752523
0.0195950621795687
0.0127429423980745
511
