
D:\_home\_Workspace\Univer\Œ‡¨€\_à ªâ¨ª \Lab3>ruby _run.rb 
0.125
0.0454202021789551
0.00510899494552607
0.00681550343322743
0.00169300038146987
0.00167820922984305
0.00771150362396285
0.00640963188190113
0.00594134690371415
0.0101770102996868
0.00689298378753169
0.00675299237060996
0.00232350343322748
0.00223115488498473
0.00221151697540331
0.021091969863896
0.0118103147126288
0.0023075301361035
0.00217944418272104
0.015961980449671
441

D:\_home\_Workspace\Univer\Œ‡¨€\_à ªâ¨ª \Lab3>ruby _run.rb 
0.141000032424927
0.044270036239624
0.00681650181198115
0.00697100810623163
0.00686487335331176
0.00640986901647258
0.00243154158019373
0.00236040359357094
0.00471602641677337
0.00460463329892978
0.00225848846054117
0.00220707901883042
0.00183097653961311
0.00169544524086568
0.00155155181684648
0.00147275065326701
0.00134204975490971
0.00133149502374353
0.00687952059935956
0.00911046824265025
441

D:\_home\_Workspace\Univer\Œ‡¨€\_à ªâ¨ª \Lab3>ruby _run.rb 
0.125
0.044780036239624
0.00419398970031727
0.00639599980926489
0.0122645034332273
0.0033415119209292
0.00308983598932294
0.00112548884201401
0.00110629166959085
0.00053098102188105
0.00284246509552457
0.00271819300218473
0.00109559717941891
0.00114698121261514
0.00926506017685057
0.0256973998641919
0.0493928760223298
0.012366008487702
0.00514500848770861
0.00485765407236319
441

D:\_home\_Workspace\Univer\Œ‡¨€\_à ªâ¨ª \Lab3>ruby _run.rb 
0.140000104904175
0.044909963760376
0.0447703395080558
0.00602749656677232
0.00137750505447398
0.00987549532699573
0.00903418754618278
0.00323755598068195
0.00304093850852211
0.00273952317429061
0.00643050686645507
0.00592500713745554
0.00606150543594436
0.00586701414076385
0.00275648407363457
0.00270283547741341
0.0187964872207691
0.00523039291372296
0.0176000121116636
0.00753901373291542
441

D:\521703\re\Lab3>ruby _run.rb 
0.266000032424927
0.0529200686645502
0.0068305048637389
0.00986897615814196
0.00321851087188766
0.00315443236320723
0.0031069880799121
0.00477650133515252
0.00472641467950867
0.00448430997795133
0.0182690519752557
0.0175168029177677
0.0244330215530471
0.00329451049042576
0.00324419902218315
0.000191980831141725
0.0122934495506366
0.011307024162865
0.0109747633958001
0.0101781368205319
292

D:\521703\re\Lab3>ruby _run.rb 
0.280999898910522
0.0740600286102296
0.0129105522613545
0.00466348970031725
0.00436153719391273
0.00721950219344215
0.00647301068115105
0.00894400600815785
0.0141830404357986
0.00968501411438771
0.0017299414444049
0.000633521457663844
0.00623098569489173
0.00575575373137696
0.00538095658901859
0.00518933033128114
0.00486362052960529
0.0106890188827595
0.0420514961853059
0.0211094668121415
292

D:\521703\re\Lab3>ruby _run.rb 
0.265000104904175
0.0414497978210444
0.0107290082969665
0.000584950504303361
0.000576759712546827
0.0216764887466558
0.00290557095336237
0.00270703070832049
0.0133759892234893
0.0109774219894485
0.0185060358581463
0.0105109805450521
0.00789154281998301
0.0151965254631118
0.00464194058609732
0.00295255502701596
0.000153036621101621
0.0246705028610296
0.0121534987602309
0.0251160281333975
292

D:\521703\re\Lab3>ruby _run.rb 
0.156000137329102
0.0674194907379169
0.0669638736346832
0.0663133970853646
0.0661189376546573
244

D:\521703\re\Lab3>ruby _run.rb 
0.139999866485596
0.105593016542705
0.104778340426568
0.0654606427765231
0.0653675966481975
244

D:\521703\re\Lab3>ruby _run.rb 
0.155999898910522
0.114410419616723
0.0162802670288525
0.0461520331231195
0.0460504067378193
244

D:\521703\re\Lab3>ruby _run.rb 
0.141000032424927
0.111640520706174
0.101706622423471
0.074570920399284
0.0743982560851984
244
