
D:\_home\_Workspace\Univer\Œ‡¨€\_à ªâ¨ª \Lab3>ruby _run.rb 
0.0939998626708984
0.0460002422332764
0.140999555587769
0.0940001010894775
0.0469999313354492
0.171000242233276
0.0770001411437988
0.0629997253417969
0.0789999961853027
0.0829999446868896
0.0930001735687256
0.0630002021789551
0.142000436782837
0.0479998588562012
0.0310001373291016
0.125999689102173
0.0619997978210449
0.108999967575073
0.0639998912811279
0.0780000686645508
153

D:\_home\_Workspace\Univer\Œ‡¨€\_à ªâ¨ª \Lab3>ruby _run.rb 
0.0939998626708984
0.0470001697540283
0.156999826431274
0.0950000286102295
0.0469999313354492
0.125
0.0939998626708984
0.0790002346038818
0.0790002346038818
0.0599997043609619
0.0799999237060547
0.108999967575073
0.184000730514526
0.0950000286102295
0.0319998264312744
0.157000064849854
0.0950000286102295
0.0479998588562012
0.0930001735687256
0.062999963760376
153

D:\_home\_Workspace\Univer\Œ‡¨€\_à ªâ¨ª \Lab3>ruby _run.rb 
0.0459997653961182
0.0469999313354492
0.123999834060669
0.0469999313354492
0.0469999313354492
0.138999938964844
0.0789999961853027
0.062999963760376
0.0789999961853027
0.112000465393066
0.108999967575073
0.0460000038146973
0.141000032424927
0.0789999961853027
0.0160000324249268
0.125
0.0790002346038818
0.0449998378753662
0.0780000686645508
0.0780000686645508
153

D:\_home\_Workspace\Univer\Œ‡¨€\_à ªâ¨ª \Lab3>ruby _run.rb 
0.0929999351501465
0.062999963760376
0.0779998302459717
0.0460000038146973
0.0310001373291016
0.171000003814697
0.0780000686645508
0.0769996643066406
0.062000036239624
0.140999794006348
0.110000133514404
0.110000133514404
0.171000003814697
0.0780000686645508
0.0309998989105225
0.125
0.0800001621246338
0.0310001373291016
0.0619997978210449
0.0939998626708984
153

